结算周期：2017-05-01 00:00:00  <-->  2017-06-01 00:00:00
序号,供应商名称,供应商ID,账单总额,用户支付总额,余额支付,积分支付,订单退款总额,销售商品总额,商品优惠总额,邮费总额,邮费优惠总额,货款总额,账单扣除总额,销售商品总数,发送包裹总数,成交订单数(含退款),退款订单数
1,????,1,98964.00,0.00,658.00,434.00,98897.00,455.00,1180.00,0.00,74584.00,362.00,971,672,672,2
2,????,2,176910.00,0.00,0.00,0.00,177000.00,90.00,0.00,0.00,118775.00,0.00,1852,71,71,0
3,????,3,84243.00,0.00,0.00,0.00,84388.00,145.00,0.00,0.00,46290.00,0.00,417,61,61,0
4,???,4,
5,????????,5,
6,???,6,
7,??????,7,
8,????,8,
9,????,9,
10,???,10,
11,????,11,
12,????,12,
13,????,13,80.00,0.00,0.00,0.00,85.00,5.00,0.00,0.00,45.00,0.00,1,1,1,0
14,???????,14,923.00,0.00,0.00,0.00,918.00,5.00,10.00,0.00,687.00,0.00,21,7,7,0
15,?????,15,
16,??,17,
17,????,18,1374.00,0.00,0.00,0.00,1404.00,30.00,0.00,0.00,900.00,0.00,12,5,5,0
18,??????,19,
19,????,20,360.00,0.00,3.00,0.00,351.00,0.00,12.00,0.00,242.00,0.00,4,4,4,0
20,????,21,2520.00,0.00,0.00,0.00,2520.00,0.00,0.00,0.00,2044.00,0.00,28,22,22,0
21,????,22,
22,???,23,
23,???,24,1269.00,0.00,0.00,0.00,1289.00,20.00,0.00,0.00,644.50,0.00,9,9,9,0
24,????,25,
25,???,26,
26,??????,27,1044.00,0.00,0.00,0.00,1044.00,0.00,0.00,0.00,555.00,0.00,12,10,10,0
27,??,28,136.00,0.00,0.00,0.00,136.00,0.00,0.00,0.00,90.00,0.00,2,2,2,0
28,?????,29,
29,????????,30,3338.60,0.00,1.00,0.00,3256.60,25.00,108.00,0.00,1779.76,0.00,146,48,48,0
30,????????,31,
31,???,32,
32,??????,33,176.00,0.00,0.00,0.00,176.00,0.00,0.00,0.00,140.40,0.00,2,1,1,0
33,???,34,92.00,0.00,31.00,0.00,128.00,5.00,0.00,0.00,98.00,0.00,1,1,1,0
34,?????,35,146.00,0.00,52.00,0.00,198.00,0.00,0.00,0.00,120.00,0.00,1,1,1,0
35,??????,36,1160.00,0.00,0.00,0.00,1160.00,0.00,0.00,0.00,580.00,0.00,2,2,2,0
36,????,37,
37,????,38,
38,????,39,
39,?????,40,555.00,0.00,46.00,0.00,616.00,15.00,0.00,0.00,330.00,0.00,11,11,11,0
40,????,41,
41,????,42,
42,????,43,
43,????,44,240.00,0.00,0.00,0.00,240.00,0.00,0.00,0.00,165.00,0.00,2,2,2,0
44,???,45,120.00,0.00,0.00,0.00,120.00,0.00,0.00,0.00,80.00,0.00,1,1,1,0
45,????,46,258.00,0.00,0.00,0.00,258.00,0.00,0.00,0.00,204.00,0.00,5,1,1,0
46,????,47,49.00,0.00,0.00,0.00,49.00,0.00,0.00,0.00,15.00,0.00,1,1,1,0
47,???????????,48,
48,???,49,46.00,0.00,200.00,0.00,238.00,0.00,8.00,0.00,150.00,0.00,1,1,1,0
49,??(??)????????,50,
50,???????????,51,
51,??????,53,
52,????,54,
53,???????????????,55,
54,????,56,
55,??,57,288.00,0.00,0.00,0.00,293.00,5.00,0.00,0.00,183.00,0.00,4,2,2,0
56,????????????,58,840.00,0.00,0.00,0.00,840.00,0.00,0.00,0.00,588.00,0.00,30,1,1,0
57,test,59,
58,???zha),60,
59,????????,61,
60,????????,62,
61,???,63,
62,????????,64,
63,????????,65,
64,???,66,
65,????,67,5063.00,0.00,0.00,0.00,5055.00,0.00,8.00,0.00,2621.14,0.00,154,64,64,0
66,???????????,68,
67,????????,69,
68,???????,70,265.00,0.00,0.00,0.00,275.00,10.00,0.00,0.00,200.00,0.00,3,3,3,0
69,??????????,71,218.00,0.00,0.00,0.00,218.00,0.00,0.00,0.00,152.00,0.00,4,2,2,0
70,??????,72,
71,???????,73,39.66,0.00,0.00,0.00,39.66,0.00,0.00,0.00,33.02,0.00,35,32,32,0
72,?????,74,
73,?????????????,75,45.00,0.00,0.00,0.00,35.00,0.00,10.00,0.00,18.60,0.00,1,1,1,0
74,?????????????,76,
75,????????????,77,
76,????????????,78,474.00,0.00,0.00,0.00,474.00,0.00,0.00,0.00,396.00,0.00,6,5,5,0
77,?????????????,79,1901.00,0.00,0.00,168.00,1901.00,0.00,0.00,0.00,1534.00,140.00,19,17,17,1
78,???,80,
79,?????,81,554.00,0.00,0.00,0.00,554.00,0.00,0.00,0.00,434.00,0.00,3,3,3,0
80,???,82,266.00,0.00,0.00,0.00,266.00,0.00,0.00,0.00,192.00,0.00,3,3,3,0
81,??????,83,
82,???????????????,84,
83,?????,86,500.00,0.00,0.00,0.00,500.00,0.00,0.00,0.00,355.00,0.00,5,3,3,0
84,????????????????,87,
85,???????,88,
86,??????????????,89,
87,???????????????,90,
88,??????,92,
89,??????,93,
90,????????????,94,336.00,0.00,0.00,0.00,336.00,0.00,0.00,0.00,196.00,0.00,2,1,1,0
91,??????,95,3176.00,0.00,0.00,0.00,3176.00,0.00,0.00,0.00,1860.70,0.00,132,40,40,0
92,????????????,96,3252.00,0.00,0.00,0.00,3252.00,0.00,0.00,0.00,2107.90,0.00,80,39,39,0
93,????,97,
94,???????????,98,2740.00,0.00,150.00,0.00,2890.00,0.00,0.00,0.00,1792.00,0.00,10,4,4,0
95,???,99,
96,?????,100,602.50,0.00,0.00,0.00,579.50,10.00,33.00,0.00,402.80,0.00,7,5,5,0
97,????????,101,
98,???????????,102,1636.00,0.00,0.00,0.00,1666.00,30.00,0.00,0.00,1272.00,0.00,12,10,10,0
99,?????,103,193.00,0.00,0.00,0.00,193.00,0.00,0.00,0.00,125.00,0.00,1,1,1,0
100,????????,104,
101,????????,105,
102,??,106,2171.00,0.00,29.00,0.00,2200.00,0.00,0.00,0.00,1320.00,0.00,22,2,2,0
